[[0.00000000e+00 0.00000000e+00 1.87310150e+06 2.00000000e+00]
 [1.00000000e+00 1.00000000e+00 8.10583551e+03 3.00000000e+00]
 [2.00000000e+00 2.00000000e+00 1.70510849e+05 4.00000000e+00]
 [3.00000000e+00 3.00000000e+00 6.92064608e+03 5.00000000e+00]
 [4.00000000e+00 4.00000000e+00 8.26945871e+03 6.00000000e+00]
 [5.00000000e+00 5.00000000e+00 1.09734082e+05 7.00000000e+00]
 [6.00000000e+00 6.00000000e+00 6.67500271e+03 8.00000000e+00]
 [7.00000000e+00 7.00000000e+00 5.60886716e+03 9.00000000e+00]
 [8.00000000e+00 8.00000000e+00 4.76131560e+05 1.00000000e+01]
 [9.00000000e+00 9.00000000e+00 6.56799795e+04 1.10000000e+01]
 [1.00000000e+01 1.00000000e+01 1.00768231e+04 1.20000000e+01]
 [1.10000000e+01 1.10000000e+01 4.88988462e+04 1.30000000e+01]
 [1.20000000e+01 1.20000000e+01 1.06933975e+05 1.40000000e+01]
 [1.30000000e+01 1.30000000e+01 9.87018999e+04 1.50000000e+01]
 [1.40000000e+01 1.40000000e+01 1.48619464e+04 1.60000000e+01]
 [1.50000000e+01 1.50000000e+01 1.79118426e+04 1.70000000e+01]
 [1.60000000e+01 1.60000000e+01 4.47181749e+06 1.80000000e+01]
 [1.70000000e+01 1.70000000e+01 5.63685925e+03 1.90000000e+01]
 [1.80000000e+01 1.80000000e+01 5.83511204e+04 2.00000000e+01]
 [1.90000000e+01 1.90000000e+01 1.44235878e+05 2.10000000e+01]
 [2.00000000e+01 2.00000000e+01 1.82137760e+04 2.20000000e+01]
 [2.10000000e+01 2.10000000e+01 2.27124551e+05 2.30000000e+01]
 [2.20000000e+01 2.20000000e+01 2.03615830e+04 2.40000000e+01]
 [2.30000000e+01 2.30000000e+01 1.02076461e+04 2.50000000e+01]
 [2.40000000e+01 2.40000000e+01 3.68073194e+04 2.60000000e+01]
 [2.50000000e+01 2.50000000e+01 7.50274133e+03 2.70000000e+01]
 [2.60000000e+01 2.60000000e+01 2.22746677e+07 2.80000000e+01]
 [2.70000000e+01 2.70000000e+01 6.69351130e+03 2.90000000e+01]
 [2.80000000e+01 2.80000000e+01 2.07912168e+04 3.00000000e+01]
 [2.90000000e+01 2.90000000e+01 5.90835635e+04 3.10000000e+01]
 [3.00000000e+01 3.00000000e+01 2.15599062e+04 3.20000000e+01]
 [3.10000000e+01 3.10000000e+01 6.71826694e+05 3.30000000e+01]
 [3.20000000e+01 3.20000000e+01 2.18438289e+05 3.40000000e+01]
 [3.30000000e+01 3.30000000e+01 3.33919962e+05 3.50000000e+01]
 [3.40000000e+01 3.40000000e+01 3.14141257e+05 3.60000000e+01]
 [3.50000000e+01 3.50000000e+01 1.44647435e+05 3.70000000e+01]
 [3.60000000e+01 3.60000000e+01 1.83234314e+04 3.80000000e+01]
 [3.70000000e+01 3.70000000e+01 1.51746268e+04 3.90000000e+01]
 [3.80000000e+01 3.80000000e+01 1.63351644e+05 4.00000000e+01]
 [3.90000000e+01 3.90000000e+01 3.92462968e+04 4.10000000e+01]
 [4.00000000e+01 4.00000000e+01 3.57731181e+05 4.20000000e+01]
 [4.10000000e+01 4.10000000e+01 2.18621718e+08 4.30000000e+01]
 [4.20000000e+01 4.20000000e+01 5.94618285e+05 4.40000000e+01]
 [4.30000000e+01 4.30000000e+01 7.63684483e+04 4.50000000e+01]
 [4.40000000e+01 4.40000000e+01 1.78461785e+06 4.60000000e+01]
 [4.50000000e+01 4.50000000e+01 1.16898967e+05 4.70000000e+01]
 [4.60000000e+01 4.60000000e+01 1.25312761e+04 4.80000000e+01]
 [4.70000000e+01 4.70000000e+01 9.40626192e+05 4.90000000e+01]
 [4.80000000e+01 4.80000000e+01 1.33553374e+04 5.00000000e+01]
 [4.90000000e+01 4.90000000e+01 1.19208546e+05 5.10000000e+01]
 [5.00000000e+01 5.00000000e+01 6.10785719e+04 5.20000000e+01]
 [5.10000000e+01 5.10000000e+01 1.02413709e+05 5.30000000e+01]
 [5.20000000e+01 5.20000000e+01 3.44154996e+04 5.40000000e+01]
 [5.30000000e+01 5.30000000e+01 9.30226125e+03 5.50000000e+01]
 [5.40000000e+01 5.40000000e+01 1.68676510e+05 5.60000000e+01]
 [5.50000000e+01 5.50000000e+01 5.33590851e+05 5.70000000e+01]
 [5.60000000e+01 5.60000000e+01 3.53537081e+06 5.80000000e+01]
 [5.70000000e+01 5.70000000e+01 1.20469544e+05 5.90000000e+01]
 [5.80000000e+01 5.80000000e+01 8.40355762e+04 6.00000000e+01]
 [5.90000000e+01 5.90000000e+01 1.25534001e+05 6.10000000e+01]
 [6.00000000e+01 6.00000000e+01 8.35108632e+04 6.20000000e+01]
 [6.10000000e+01 6.10000000e+01 4.36402713e+06 6.30000000e+01]
 [6.20000000e+01 6.20000000e+01 2.58931052e+04 6.40000000e+01]
 [6.30000000e+01 6.30000000e+01 3.11622361e+04 6.50000000e+01]
 [6.40000000e+01 6.40000000e+01 2.66983022e+05 6.60000000e+01]
 [6.50000000e+01 6.50000000e+01 9.36057746e+03 6.70000000e+01]
 [6.60000000e+01 6.60000000e+01 2.82010908e+04 6.80000000e+01]
 [6.70000000e+01 6.70000000e+01 1.77564307e+04 6.90000000e+01]
 [6.80000000e+01 6.80000000e+01 1.99537034e+05 7.00000000e+01]
 [6.90000000e+01 6.90000000e+01 6.17407156e+04 7.10000000e+01]
 [7.00000000e+01 7.00000000e+01 1.98082609e+06 7.20000000e+01]
 [7.10000000e+01 7.10000000e+01 1.06128766e+05 7.30000000e+01]
 [7.20000000e+01 7.20000000e+01 8.22125517e+04 7.40000000e+01]
 [7.30000000e+01 7.30000000e+01 8.62961975e+03 7.50000000e+01]
 [7.40000000e+01 7.40000000e+01 1.14056166e+04 7.60000000e+01]
 [7.50000000e+01 7.50000000e+01 1.58099780e+04 7.70000000e+01]
 [7.60000000e+01 7.60000000e+01 5.67826847e+04 7.80000000e+01]
 [7.70000000e+01 7.70000000e+01 2.91351263e+05 7.90000000e+01]
 [7.80000000e+01 7.80000000e+01 2.01481251e+05 8.00000000e+01]
 [7.90000000e+01 7.90000000e+01 2.04198930e+04 8.10000000e+01]
 [8.00000000e+01 8.00000000e+01 3.39744134e+05 8.20000000e+01]
 [8.10000000e+01 8.10000000e+01 5.90271874e+03 8.30000000e+01]
 [8.20000000e+01 8.20000000e+01 3.81397879e+05 8.40000000e+01]
 [8.30000000e+01 8.30000000e+01 1.93806575e+05 8.50000000e+01]
 [8.40000000e+01 8.40000000e+01 6.54511900e+04 8.60000000e+01]
 [8.50000000e+01 8.50000000e+01 7.96907781e+08 8.70000000e+01]
 [8.60000000e+01 8.60000000e+01 5.29914873e+07 8.80000000e+01]
 [8.70000000e+01 8.70000000e+01 1.72552503e+06 8.90000000e+01]
 [8.80000000e+01 8.80000000e+01 2.36572358e+05 9.00000000e+01]
 [8.90000000e+01 8.90000000e+01 1.60422095e+04 9.10000000e+01]
 [9.00000000e+01 9.00000000e+01 2.44048834e+04 9.20000000e+01]
 [9.10000000e+01 9.10000000e+01 2.47564420e+06 9.30000000e+01]
 [9.20000000e+01 9.20000000e+01 7.41297955e+04 9.40000000e+01]
 [9.30000000e+01 9.30000000e+01 4.39620479e+06 9.50000000e+01]
 [9.40000000e+01 9.40000000e+01 6.36260312e+03 9.60000000e+01]
 [9.50000000e+01 9.50000000e+01 1.25841464e+06 9.70000000e+01]
 [9.60000000e+01 9.60000000e+01 1.46656107e+06 9.80000000e+01]
 [9.70000000e+01 9.70000000e+01 8.00452616e+04 9.90000000e+01]
 [9.80000000e+01 9.80000000e+01 2.13604300e+06 1.00000000e+02]
 [9.90000000e+01 9.90000000e+01 1.43927321e+05 1.01000000e+02]
 [1.00000000e+02 1.00000000e+02 1.71029582e+05 1.02000000e+02]
 [1.01000000e+02 1.01000000e+02 1.38015629e+05 1.03000000e+02]
 [1.02000000e+02 1.02000000e+02 2.30607664e+05 1.04000000e+02]
 [1.03000000e+02 1.03000000e+02 5.44761242e+04 1.05000000e+02]
 [1.04000000e+02 1.04000000e+02 1.99942261e+04 1.06000000e+02]
 [1.05000000e+02 1.05000000e+02 6.14286565e+04 1.07000000e+02]
 [1.06000000e+02 1.06000000e+02 1.04662581e+05 1.08000000e+02]
 [1.07000000e+02 1.07000000e+02 2.50753583e+03 1.09000000e+02]
 [1.08000000e+02 1.08000000e+02 1.53980380e+05 1.10000000e+02]
 [1.09000000e+02 1.09000000e+02 4.15654426e+04 1.11000000e+02]
 [1.10000000e+02 1.10000000e+02 1.77142928e+04 1.12000000e+02]
 [1.11000000e+02 1.11000000e+02 2.85902974e+05 1.13000000e+02]
 [1.12000000e+02 1.12000000e+02 4.88832043e+05 1.14000000e+02]
 [1.13000000e+02 1.13000000e+02 1.34458356e+06 1.15000000e+02]
 [1.14000000e+02 1.14000000e+02 4.34574442e+04 1.16000000e+02]
 [1.15000000e+02 1.15000000e+02 2.14819028e+05 1.17000000e+02]
 [1.16000000e+02 1.16000000e+02 3.60684510e+04 1.18000000e+02]
 [1.17000000e+02 1.17000000e+02 2.20109731e+04 1.19000000e+02]
 [1.18000000e+02 1.18000000e+02 1.08222244e+04 1.20000000e+02]
 [1.19000000e+02 1.19000000e+02 1.46404754e+04 1.21000000e+02]
 [1.20000000e+02 1.20000000e+02 1.04695305e+05 1.22000000e+02]
 [1.21000000e+02 1.21000000e+02 1.79808485e+07 1.23000000e+02]
 [1.22000000e+02 1.22000000e+02 6.68807578e+03 1.24000000e+02]
 [1.23000000e+02 1.23000000e+02 3.35715669e+04 1.25000000e+02]
 [1.24000000e+02 1.24000000e+02 8.28897118e+03 1.26000000e+02]
 [1.25000000e+02 1.25000000e+02 2.30506914e+05 1.27000000e+02]
 [1.26000000e+02 1.26000000e+02 4.20413438e+06 1.28000000e+02]
 [1.27000000e+02 1.27000000e+02 5.35740851e+05 1.29000000e+02]
 [1.28000000e+02 1.28000000e+02 3.58022377e+04 1.30000000e+02]
 [1.29000000e+02 1.29000000e+02 1.58929323e+04 1.31000000e+02]
 [1.30000000e+02 1.30000000e+02 2.39003393e+06 1.32000000e+02]
 [1.31000000e+02 1.31000000e+02 4.37869040e+03 1.33000000e+02]
 [1.32000000e+02 1.32000000e+02 1.59418960e+04 1.34000000e+02]
 [1.33000000e+02 1.33000000e+02 1.49029405e+05 1.35000000e+02]
 [1.34000000e+02 1.34000000e+02 2.14419828e+04 1.36000000e+02]
 [1.35000000e+02 1.35000000e+02 2.88291114e+05 1.37000000e+02]
 [1.36000000e+02 1.36000000e+02 1.10338119e+07 1.38000000e+02]
 [1.37000000e+02 1.37000000e+02 4.78900922e+03 1.39000000e+02]
 [1.38000000e+02 1.38000000e+02 1.19504735e+05 1.40000000e+02]
 [1.39000000e+02 1.39000000e+02 8.93491529e+04 1.41000000e+02]
 [1.40000000e+02 1.40000000e+02 2.29100210e+07 1.42000000e+02]
 [1.41000000e+02 1.41000000e+02 8.31619425e+02 1.43000000e+02]
 [1.42000000e+02 1.42000000e+02 2.40700830e+05 1.44000000e+02]
 [1.43000000e+02 1.43000000e+02 1.21844012e+05 1.45000000e+02]
 [1.44000000e+02 1.44000000e+02 5.01231617e+05 1.46000000e+02]
 [1.45000000e+02 1.45000000e+02 1.06913078e+05 1.47000000e+02]
 [1.46000000e+02 1.46000000e+02 5.06571144e+06 1.48000000e+02]
 [1.47000000e+02 1.47000000e+02 1.09152755e+06 1.49000000e+02]
 [1.48000000e+02 1.48000000e+02 4.30999048e+05 1.50000000e+02]
 [1.49000000e+02 1.49000000e+02 4.95272153e+05 1.51000000e+02]
 [1.50000000e+02 1.50000000e+02 9.90275882e+04 1.52000000e+02]
 [1.51000000e+02 1.51000000e+02 2.78282610e+05 1.53000000e+02]
 [1.52000000e+02 1.52000000e+02 7.32718665e+05 1.54000000e+02]
 [1.53000000e+02 1.53000000e+02 5.84905744e+07 1.55000000e+02]
 [1.54000000e+02 1.54000000e+02 2.15091492e+05 1.56000000e+02]
 [1.55000000e+02 1.55000000e+02 4.44283209e+03 1.57000000e+02]
 [1.56000000e+02 1.56000000e+02 1.79985927e+04 1.58000000e+02]
 [1.57000000e+02 1.57000000e+02 8.45552373e+03 1.59000000e+02]
 [1.58000000e+02 1.58000000e+02 1.43876810e+04 1.60000000e+02]
 [1.59000000e+02 1.59000000e+02 3.23697954e+03 1.61000000e+02]
 [1.60000000e+02 1.60000000e+02 1.70814894e+04 1.62000000e+02]
 [1.61000000e+02 1.61000000e+02 2.62827501e+04 1.63000000e+02]
 [1.62000000e+02 1.62000000e+02 1.55492377e+04 1.64000000e+02]
 [1.63000000e+02 1.63000000e+02 2.87580431e+05 1.65000000e+02]
 [1.64000000e+02 1.64000000e+02 2.49684186e+05 1.66000000e+02]
 [1.65000000e+02 1.65000000e+02 3.80611059e+05 1.67000000e+02]
 [1.66000000e+02 1.66000000e+02 3.36181307e+04 1.68000000e+02]
 [1.67000000e+02 1.67000000e+02 4.56549103e+05 1.69000000e+02]
 [1.68000000e+02 1.68000000e+02 5.51060905e+05 1.70000000e+02]
 [1.69000000e+02 1.69000000e+02 5.92380894e+05 1.71000000e+02]
 [1.70000000e+02 1.70000000e+02 1.55499892e+05 1.72000000e+02]
 [1.71000000e+02 1.71000000e+02 2.52318457e+06 1.73000000e+02]
 [1.72000000e+02 1.72000000e+02 8.38776984e+05 1.74000000e+02]
 [1.73000000e+02 1.73000000e+02 1.23395141e+06 1.75000000e+02]
 [1.74000000e+02 1.74000000e+02 3.79098622e+06 1.76000000e+02]
 [1.75000000e+02 1.75000000e+02 2.30250684e+05 1.77000000e+02]
 [1.76000000e+02 1.76000000e+02 7.06424720e+04 1.78000000e+02]
 [1.77000000e+02 1.77000000e+02 1.15858907e+06 1.79000000e+02]
 [1.78000000e+02 1.78000000e+02 2.05578814e+05 1.80000000e+02]
 [1.79000000e+02 1.79000000e+02 2.57482822e+06 1.81000000e+02]
 [1.80000000e+02 1.80000000e+02 1.58006073e+06 1.82000000e+02]
 [1.81000000e+02 1.81000000e+02 1.77211307e+06 1.83000000e+02]
 [1.82000000e+02 1.82000000e+02 9.24963803e+06 1.84000000e+02]
 [1.83000000e+02 1.83000000e+02 4.02249325e+06 1.85000000e+02]
 [1.84000000e+02 1.84000000e+02 5.05800284e+05 1.86000000e+02]
 [1.85000000e+02 1.85000000e+02 9.38294199e+04 1.87000000e+02]
 [1.86000000e+02 1.86000000e+02 8.56998459e+05 1.88000000e+02]
 [1.87000000e+02 1.87000000e+02 1.32701003e+06 1.89000000e+02]
 [1.88000000e+02 1.88000000e+02 9.80482749e+06 1.90000000e+02]
 [1.89000000e+02 1.89000000e+02 1.61100322e+06 1.91000000e+02]
 [1.90000000e+02 1.90000000e+02 1.87836690e+05 1.92000000e+02]
 [1.91000000e+02 1.91000000e+02 8.88620053e+05 1.93000000e+02]
 [1.92000000e+02 1.92000000e+02 1.38983549e+07 1.94000000e+02]
 [1.93000000e+02 1.93000000e+02 8.29284236e+05 1.95000000e+02]
 [1.94000000e+02 1.94000000e+02 2.37938263e+07 1.96000000e+02]
 [1.95000000e+02 1.95000000e+02 2.14041252e+08 1.97000000e+02]
 [1.96000000e+02 1.96000000e+02 3.22307822e+06 1.98000000e+02]
 [1.97000000e+02 1.97000000e+02 1.57670205e+06 1.99000000e+02]
 [1.98000000e+02 1.98000000e+02 1.12931412e+07 2.00000000e+02]
 [1.99000000e+02 1.99000000e+02 4.27424887e+06 2.01000000e+02]
 [2.00000000e+02 2.00000000e+02 6.29467780e+07 2.02000000e+02]
 [2.01000000e+02 2.01000000e+02 9.21938307e+06 2.03000000e+02]
 [2.02000000e+02 2.02000000e+02 7.34795824e+05 2.04000000e+02]]
